{
 "cells": [
  {
   "cell_type": "code",
   "execution_count": 1,
   "metadata": {},
   "outputs": [],
   "source": [
    "# to check terminal states\n",
    "def terminal_state(state):\n",
    "    x, y = state\n",
    "    return (x == 0 and y == 0) or (x == 3 and y == 3)\n"
   ]
  },
  {
   "cell_type": "code",
   "execution_count": 2,
   "metadata": {},
   "outputs": [],
   "source": [
    "# Function for taking Setps in Grid world problem\n",
    "def Step(state, action):\n",
    "    state = np.array(state)\n",
    "    new_state = (state + action).tolist()\n",
    "    x, y = new_state\n",
    "\n",
    "    if x < 0 or x >= gridsize or y < 0 or y >= gridsize:\n",
    "        new_state = state.tolist()\n",
    "\n",
    "    reward = -1\n",
    "    return new_state, reward"
   ]
  },
  {
   "cell_type": "code",
   "execution_count": 3,
   "metadata": {},
   "outputs": [],
   "source": [
    "# Function for computing optimal Policy\n",
    "def OptimalPolicy(state, action , v): \n",
    "    state = np.array(state)\n",
    "    new_state = (state+action).tolist()\n",
    "    x, y = new_state\n",
    "    if x < 0 or x >= gridsize or y < 0 or y >= gridsize:\n",
    "        x,y = state\n",
    "        value = v[x,y]\n",
    "        new_state = state\n",
    "    else:\n",
    "        value = v[x,y]\n",
    "    return  value"
   ]
  },
  {
   "cell_type": "code",
   "execution_count": 4,
   "metadata": {},
   "outputs": [],
   "source": [
    "# 0 - Left , 1 - UP , 2 - RIGHT , 3 - Down  \n",
    "def VI():     #value Iteration\n",
    "    new_state_values = np.zeros((gridsize, gridsize))\n",
    "    state_values = np.zeros((gridsize, gridsize))\n",
    "    it = 0\n",
    "    it = it+1\n",
    "    while True:\n",
    "       \n",
    "        for i in range(gridsize):\n",
    "            for j in range(gridsize):\n",
    "                temp = []\n",
    "                if terminal_state([i, j]):\n",
    "                    continue\n",
    "                value = 0\n",
    "                \n",
    "                for action in actions:\n",
    "                    (p,q ), reward = Step([i, j], action)\n",
    "                    value += prob * (reward + state_values[p, q]) # computing value function\n",
    "                new_state_values[i, j] = value\n",
    "                \n",
    "        if np.sum(np.abs(new_state_values - state_values)) < theta: # Termination Condition\n",
    "            state_values = new_state_values.copy()\n",
    "            break\n",
    "\n",
    "        state_values = new_state_values.copy()\n",
    "        print('Iteration - ',it)\n",
    "        print(state_values)\n",
    "        \n",
    "        for i in range(0,gridsize):\n",
    "            for j in range(0,gridsize):\n",
    "                temp = []\n",
    "                for a in actions:\n",
    "                    if terminal_state([i,j]):\n",
    "                        value1 = 0.0\n",
    "                    value1 = OptimalPolicy([i,j],a,state_values)\n",
    "                    temp.append(value1)\n",
    "     \n",
    "                z = [p for p, t in enumerate(temp) if t == max(temp)]\n",
    "       \n",
    "                print(\"Optimal Policy for State:\",(i,j),\"---\",z)\n",
    "            it += 1\n",
    "\n",
    "   \n",
    "    return state_values\n",
    "\n"
   ]
  },
  {
   "cell_type": "code",
   "execution_count": 5,
   "metadata": {},
   "outputs": [],
   "source": [
    "# policy Improvement\n",
    "def policyImprovement(old_policy,values):\n",
    "    s = 0\n",
    "    new_policy = np.zeros((gridsize*gridsize,len(index)))\n",
    "    for i in range(gridsize):\n",
    "        for j in range(gridsize):\n",
    "            if terminal_state([i, j]):\n",
    "                continue\n",
    "            q_optimal = values[i,j]\n",
    "            z = []\n",
    "            for ix,a in zip(index,actions):\n",
    "                #P  = old_policy[n,inx]\n",
    "                (p,q), reward = Step([i, j], a)\n",
    "                q_sa = (reward + values[p,q]) # action value function computation\n",
    "                if q_sa > q_optimal: # update policy condition\n",
    "                    z.append(ix)\n",
    "           \n",
    "            if len(z)>0:\n",
    "                for k, l in enumerate(z):\n",
    "                    #y = np.array(k)\n",
    "                    new_policy[s,l] = 1/len(z)\n",
    "            else:\n",
    "                new_policy[s,:] = old_policy[s,:]\n",
    "            s = s+1        \n",
    "    return new_policy"
   ]
  },
  {
   "cell_type": "code",
   "execution_count": 6,
   "metadata": {},
   "outputs": [
    {
     "name": "stdout",
     "output_type": "stream",
     "text": [
      "Iteration -  1\n",
      "[[ 0. -1. -1. -1.]\n",
      " [-1. -1. -1. -1.]\n",
      " [-1. -1. -1. -1.]\n",
      " [-1. -1. -1.  0.]]\n",
      "Optimal Policy for State: (0, 0) --- [0, 1]\n",
      "Optimal Policy for State: (0, 1) --- [0]\n",
      "Optimal Policy for State: (0, 2) --- [0, 1, 2, 3]\n",
      "Optimal Policy for State: (0, 3) --- [0, 1, 2, 3]\n",
      "Optimal Policy for State: (1, 0) --- [1]\n",
      "Optimal Policy for State: (1, 1) --- [0, 1, 2, 3]\n",
      "Optimal Policy for State: (1, 2) --- [0, 1, 2, 3]\n",
      "Optimal Policy for State: (1, 3) --- [0, 1, 2, 3]\n",
      "Optimal Policy for State: (2, 0) --- [0, 1, 2, 3]\n",
      "Optimal Policy for State: (2, 1) --- [0, 1, 2, 3]\n",
      "Optimal Policy for State: (2, 2) --- [0, 1, 2, 3]\n",
      "Optimal Policy for State: (2, 3) --- [3]\n",
      "Optimal Policy for State: (3, 0) --- [0, 1, 2, 3]\n",
      "Optimal Policy for State: (3, 1) --- [0, 1, 2, 3]\n",
      "Optimal Policy for State: (3, 2) --- [2]\n",
      "Optimal Policy for State: (3, 3) --- [2, 3]\n",
      "Iteration -  5\n",
      "[[ 0.   -1.75 -2.   -2.  ]\n",
      " [-1.75 -2.   -2.   -2.  ]\n",
      " [-2.   -2.   -2.   -1.75]\n",
      " [-2.   -2.   -1.75  0.  ]]\n",
      "Optimal Policy for State: (0, 0) --- [0, 1]\n",
      "Optimal Policy for State: (0, 1) --- [0]\n",
      "Optimal Policy for State: (0, 2) --- [0]\n",
      "Optimal Policy for State: (0, 3) --- [0, 1, 2, 3]\n",
      "Optimal Policy for State: (1, 0) --- [1]\n",
      "Optimal Policy for State: (1, 1) --- [0, 1]\n",
      "Optimal Policy for State: (1, 2) --- [0, 1, 2, 3]\n",
      "Optimal Policy for State: (1, 3) --- [3]\n",
      "Optimal Policy for State: (2, 0) --- [1]\n",
      "Optimal Policy for State: (2, 1) --- [0, 1, 2, 3]\n",
      "Optimal Policy for State: (2, 2) --- [2, 3]\n",
      "Optimal Policy for State: (2, 3) --- [3]\n",
      "Optimal Policy for State: (3, 0) --- [0, 1, 2, 3]\n",
      "Optimal Policy for State: (3, 1) --- [2]\n",
      "Optimal Policy for State: (3, 2) --- [2]\n",
      "Optimal Policy for State: (3, 3) --- [2, 3]\n",
      "Iteration -  9\n",
      "[[ 0.     -2.4375 -2.9375 -3.    ]\n",
      " [-2.4375 -2.875  -3.     -2.9375]\n",
      " [-2.9375 -3.     -2.875  -2.4375]\n",
      " [-3.     -2.9375 -2.4375  0.    ]]\n",
      "Optimal Policy for State: (0, 0) --- [0, 1]\n",
      "Optimal Policy for State: (0, 1) --- [0]\n",
      "Optimal Policy for State: (0, 2) --- [0]\n",
      "Optimal Policy for State: (0, 3) --- [0, 3]\n",
      "Optimal Policy for State: (1, 0) --- [1]\n",
      "Optimal Policy for State: (1, 1) --- [0, 1]\n",
      "Optimal Policy for State: (1, 2) --- [0, 3]\n",
      "Optimal Policy for State: (1, 3) --- [3]\n",
      "Optimal Policy for State: (2, 0) --- [1]\n",
      "Optimal Policy for State: (2, 1) --- [1, 2]\n",
      "Optimal Policy for State: (2, 2) --- [2, 3]\n",
      "Optimal Policy for State: (2, 3) --- [3]\n",
      "Optimal Policy for State: (3, 0) --- [1, 2]\n",
      "Optimal Policy for State: (3, 1) --- [2]\n",
      "Optimal Policy for State: (3, 2) --- [2]\n",
      "Optimal Policy for State: (3, 3) --- [2, 3]\n",
      "Iteration -  13\n",
      "[[ 0.      -3.0625  -3.84375 -3.96875]\n",
      " [-3.0625  -3.71875 -3.90625 -3.84375]\n",
      " [-3.84375 -3.90625 -3.71875 -3.0625 ]\n",
      " [-3.96875 -3.84375 -3.0625   0.     ]]\n",
      "Optimal Policy for State: (0, 0) --- [0, 1]\n",
      "Optimal Policy for State: (0, 1) --- [0]\n",
      "Optimal Policy for State: (0, 2) --- [0]\n",
      "Optimal Policy for State: (0, 3) --- [0, 3]\n",
      "Optimal Policy for State: (1, 0) --- [1]\n",
      "Optimal Policy for State: (1, 1) --- [0, 1]\n",
      "Optimal Policy for State: (1, 2) --- [0, 3]\n",
      "Optimal Policy for State: (1, 3) --- [3]\n",
      "Optimal Policy for State: (2, 0) --- [1]\n",
      "Optimal Policy for State: (2, 1) --- [1, 2]\n",
      "Optimal Policy for State: (2, 2) --- [2, 3]\n",
      "Optimal Policy for State: (2, 3) --- [3]\n",
      "Optimal Policy for State: (3, 0) --- [1, 2]\n",
      "Optimal Policy for State: (3, 1) --- [2]\n",
      "Optimal Policy for State: (3, 2) --- [2]\n",
      "Optimal Policy for State: (3, 3) --- [2, 3]\n",
      "Iteration -  17\n",
      "[[ 0.        -3.65625   -4.6953125 -4.90625  ]\n",
      " [-3.65625   -4.484375  -4.78125   -4.6953125]\n",
      " [-4.6953125 -4.78125   -4.484375  -3.65625  ]\n",
      " [-4.90625   -4.6953125 -3.65625    0.       ]]\n",
      "Optimal Policy for State: (0, 0) --- [0, 1]\n",
      "Optimal Policy for State: (0, 1) --- [0]\n",
      "Optimal Policy for State: (0, 2) --- [0]\n",
      "Optimal Policy for State: (0, 3) --- [0, 3]\n",
      "Optimal Policy for State: (1, 0) --- [1]\n",
      "Optimal Policy for State: (1, 1) --- [0, 1]\n",
      "Optimal Policy for State: (1, 2) --- [0, 3]\n",
      "Optimal Policy for State: (1, 3) --- [3]\n",
      "Optimal Policy for State: (2, 0) --- [1]\n",
      "Optimal Policy for State: (2, 1) --- [1, 2]\n",
      "Optimal Policy for State: (2, 2) --- [2, 3]\n",
      "Optimal Policy for State: (2, 3) --- [3]\n",
      "Optimal Policy for State: (3, 0) --- [1, 2]\n",
      "Optimal Policy for State: (3, 1) --- [2]\n",
      "Optimal Policy for State: (3, 2) --- [2]\n",
      "Optimal Policy for State: (3, 3) --- [2, 3]\n",
      "Iteration -  21\n",
      "[[ 0.         -4.20898438 -5.50976562 -5.80078125]\n",
      " [-4.20898438 -5.21875    -5.58984375 -5.50976562]\n",
      " [-5.50976562 -5.58984375 -5.21875    -4.20898438]\n",
      " [-5.80078125 -5.50976562 -4.20898438  0.        ]]\n",
      "Optimal Policy for State: (0, 0) --- [0, 1]\n",
      "Optimal Policy for State: (0, 1) --- [0]\n",
      "Optimal Policy for State: (0, 2) --- [0]\n",
      "Optimal Policy for State: (0, 3) --- [0, 3]\n",
      "Optimal Policy for State: (1, 0) --- [1]\n",
      "Optimal Policy for State: (1, 1) --- [0, 1]\n",
      "Optimal Policy for State: (1, 2) --- [0, 3]\n",
      "Optimal Policy for State: (1, 3) --- [3]\n",
      "Optimal Policy for State: (2, 0) --- [1]\n",
      "Optimal Policy for State: (2, 1) --- [1, 2]\n",
      "Optimal Policy for State: (2, 2) --- [2, 3]\n",
      "Optimal Policy for State: (2, 3) --- [3]\n",
      "Optimal Policy for State: (3, 0) --- [1, 2]\n",
      "Optimal Policy for State: (3, 1) --- [2]\n",
      "Optimal Policy for State: (3, 2) --- [2]\n",
      "Optimal Policy for State: (3, 3) --- [2, 3]\n",
      "Iteration -  25\n",
      "[[ 0.         -4.734375   -6.27734375 -6.65527344]\n",
      " [-4.734375   -5.89941406 -6.36425781 -6.27734375]\n",
      " [-6.27734375 -6.36425781 -5.89941406 -4.734375  ]\n",
      " [-6.65527344 -6.27734375 -4.734375    0.        ]]\n",
      "Optimal Policy for State: (0, 0) --- [0, 1]\n",
      "Optimal Policy for State: (0, 1) --- [0]\n",
      "Optimal Policy for State: (0, 2) --- [0]\n",
      "Optimal Policy for State: (0, 3) --- [0, 3]\n",
      "Optimal Policy for State: (1, 0) --- [1]\n",
      "Optimal Policy for State: (1, 1) --- [0, 1]\n",
      "Optimal Policy for State: (1, 2) --- [0, 3]\n",
      "Optimal Policy for State: (1, 3) --- [3]\n",
      "Optimal Policy for State: (2, 0) --- [1]\n",
      "Optimal Policy for State: (2, 1) --- [1, 2]\n",
      "Optimal Policy for State: (2, 2) --- [2, 3]\n",
      "Optimal Policy for State: (2, 3) --- [3]\n",
      "Optimal Policy for State: (3, 0) --- [1, 2]\n",
      "Optimal Policy for State: (3, 1) --- [2]\n",
      "Optimal Policy for State: (3, 2) --- [2]\n",
      "Optimal Policy for State: (3, 3) --- [2, 3]\n",
      "Iteration -  29\n",
      "[[ 0.         -5.2277832  -7.0078125  -7.46630859]\n",
      " [-5.2277832  -6.54931641 -7.08837891 -7.0078125 ]\n",
      " [-7.0078125  -7.08837891 -6.54931641 -5.2277832 ]\n",
      " [-7.46630859 -7.0078125  -5.2277832   0.        ]]\n",
      "Optimal Policy for State: (0, 0) --- [0, 1]\n",
      "Optimal Policy for State: (0, 1) --- [0]\n",
      "Optimal Policy for State: (0, 2) --- [0]\n",
      "Optimal Policy for State: (0, 3) --- [0, 3]\n",
      "Optimal Policy for State: (1, 0) --- [1]\n",
      "Optimal Policy for State: (1, 1) --- [0, 1]\n",
      "Optimal Policy for State: (1, 2) --- [0, 3]\n",
      "Optimal Policy for State: (1, 3) --- [3]\n",
      "Optimal Policy for State: (2, 0) --- [1]\n",
      "Optimal Policy for State: (2, 1) --- [1, 2]\n",
      "Optimal Policy for State: (2, 2) --- [2, 3]\n",
      "Optimal Policy for State: (2, 3) --- [3]\n",
      "Optimal Policy for State: (3, 0) --- [1, 2]\n",
      "Optimal Policy for State: (3, 1) --- [2]\n",
      "Optimal Policy for State: (3, 2) --- [2]\n",
      "Optimal Policy for State: (3, 3) --- [2, 3]\n",
      "Iteration -  33\n",
      "[[ 0.         -5.69622803 -7.6975708  -8.23706055]\n",
      " [-5.69622803 -7.15808105 -7.77856445 -7.6975708 ]\n",
      " [-7.6975708  -7.77856445 -7.15808105 -5.69622803]\n",
      " [-8.23706055 -7.6975708  -5.69622803  0.        ]]\n",
      "Optimal Policy for State: (0, 0) --- [0, 1]\n",
      "Optimal Policy for State: (0, 1) --- [0]\n",
      "Optimal Policy for State: (0, 2) --- [0]\n",
      "Optimal Policy for State: (0, 3) --- [0, 3]\n",
      "Optimal Policy for State: (1, 0) --- [1]\n",
      "Optimal Policy for State: (1, 1) --- [0, 1]\n",
      "Optimal Policy for State: (1, 2) --- [0, 3]\n",
      "Optimal Policy for State: (1, 3) --- [3]\n",
      "Optimal Policy for State: (2, 0) --- [1]\n",
      "Optimal Policy for State: (2, 1) --- [1, 2]\n",
      "Optimal Policy for State: (2, 2) --- [2, 3]\n",
      "Optimal Policy for State: (2, 3) --- [3]\n",
      "Optimal Policy for State: (3, 0) --- [1, 2]\n",
      "Optimal Policy for State: (3, 1) --- [2]\n",
      "Optimal Policy for State: (3, 2) --- [2]\n",
      "Optimal Policy for State: (3, 3) --- [2, 3]\n",
      "Iteration -  37\n",
      "[[ 0.         -6.13796997 -8.35235596 -8.96731567]\n",
      " [-6.13796997 -7.73739624 -8.42782593 -8.35235596]\n",
      " [-8.35235596 -8.42782593 -7.73739624 -6.13796997]\n",
      " [-8.96731567 -8.35235596 -6.13796997  0.        ]]\n",
      "Optimal Policy for State: (0, 0) --- [0, 1]\n",
      "Optimal Policy for State: (0, 1) --- [0]\n",
      "Optimal Policy for State: (0, 2) --- [0]\n",
      "Optimal Policy for State: (0, 3) --- [0, 3]\n",
      "Optimal Policy for State: (1, 0) --- [1]\n",
      "Optimal Policy for State: (1, 1) --- [0, 1]\n",
      "Optimal Policy for State: (1, 2) --- [0, 3]\n",
      "Optimal Policy for State: (1, 3) --- [3]\n",
      "Optimal Policy for State: (2, 0) --- [1]\n",
      "Optimal Policy for State: (2, 1) --- [1, 2]\n",
      "Optimal Policy for State: (2, 2) --- [2, 3]\n",
      "Optimal Policy for State: (2, 3) --- [3]\n",
      "Optimal Policy for State: (3, 0) --- [1, 2]\n",
      "Optimal Policy for State: (3, 1) --- [2]\n",
      "Optimal Policy for State: (3, 2) --- [2]\n",
      "Optimal Policy for State: (3, 3) --- [2, 3]\n",
      "Iteration -  41\n",
      "[[ 0.         -6.55693054 -8.97136688 -9.65983582]\n",
      " [-6.55693054 -8.28289795 -9.0448761  -8.97136688]\n",
      " [-8.97136688 -9.0448761  -8.28289795 -6.55693054]\n",
      " [-9.65983582 -8.97136688 -6.55693054  0.        ]]\n",
      "Optimal Policy for State: (0, 0) --- [0, 1]\n",
      "Optimal Policy for State: (0, 1) --- [0]\n",
      "Optimal Policy for State: (0, 2) --- [0]\n",
      "Optimal Policy for State: (0, 3) --- [0, 3]\n",
      "Optimal Policy for State: (1, 0) --- [1]\n",
      "Optimal Policy for State: (1, 1) --- [0, 1]\n",
      "Optimal Policy for State: (1, 2) --- [0, 3]\n",
      "Optimal Policy for State: (1, 3) --- [3]\n",
      "Optimal Policy for State: (2, 0) --- [1]\n",
      "Optimal Policy for State: (2, 1) --- [1, 2]\n",
      "Optimal Policy for State: (2, 2) --- [2, 3]\n",
      "Optimal Policy for State: (2, 3) --- [3]\n",
      "Optimal Policy for State: (3, 0) --- [1, 2]\n",
      "Optimal Policy for State: (3, 1) --- [2]\n",
      "Optimal Policy for State: (3, 2) --- [2]\n",
      "Optimal Policy for State: (3, 3) --- [2, 3]\n",
      "Iteration -  45\n",
      "[[  0.          -6.95279884  -9.55825233 -10.31560135]\n",
      " [ -6.95279884  -8.80090332  -9.62713242  -9.55825233]\n",
      " [ -9.55825233  -9.62713242  -8.80090332  -6.95279884]\n",
      " [-10.31560135  -9.55825233  -6.95279884   0.        ]]\n",
      "Optimal Policy for State: (0, 0) --- [0, 1]\n",
      "Optimal Policy for State: (0, 1) --- [0]\n",
      "Optimal Policy for State: (0, 2) --- [0]\n",
      "Optimal Policy for State: (0, 3) --- [0, 3]\n",
      "Optimal Policy for State: (1, 0) --- [1]\n",
      "Optimal Policy for State: (1, 1) --- [0, 1]\n",
      "Optimal Policy for State: (1, 2) --- [0, 3]\n",
      "Optimal Policy for State: (1, 3) --- [3]\n",
      "Optimal Policy for State: (2, 0) --- [1]\n",
      "Optimal Policy for State: (2, 1) --- [1, 2]\n",
      "Optimal Policy for State: (2, 2) --- [2, 3]\n",
      "Optimal Policy for State: (2, 3) --- [3]\n",
      "Optimal Policy for State: (3, 0) --- [1, 2]\n",
      "Optimal Policy for State: (3, 1) --- [2]\n",
      "Optimal Policy for State: (3, 2) --- [2]\n",
      "Optimal Policy for State: (3, 3) --- [2, 3]\n",
      "Iteration -  49\n",
      "[[  0.          -7.32798862 -10.11344624 -10.93692684]\n",
      " [ -7.32798862  -9.28996563 -10.17957783 -10.11344624]\n",
      " [-10.11344624 -10.17957783  -9.28996563  -7.32798862]\n",
      " [-10.93692684 -10.11344624  -7.32798862   0.        ]]\n",
      "Optimal Policy for State: (0, 0) --- [0, 1]\n",
      "Optimal Policy for State: (0, 1) --- [0]\n",
      "Optimal Policy for State: (0, 2) --- [0]\n",
      "Optimal Policy for State: (0, 3) --- [0, 3]\n",
      "Optimal Policy for State: (1, 0) --- [1]\n",
      "Optimal Policy for State: (1, 1) --- [0, 1]\n",
      "Optimal Policy for State: (1, 2) --- [0, 3]\n",
      "Optimal Policy for State: (1, 3) --- [3]\n",
      "Optimal Policy for State: (2, 0) --- [1]\n",
      "Optimal Policy for State: (2, 1) --- [1, 2]\n",
      "Optimal Policy for State: (2, 2) --- [2, 3]\n",
      "Optimal Policy for State: (2, 3) --- [3]\n",
      "Optimal Policy for State: (3, 0) --- [1, 2]\n",
      "Optimal Policy for State: (3, 1) --- [2]\n",
      "Optimal Policy for State: (3, 2) --- [2]\n",
      "Optimal Policy for State: (3, 3) --- [2, 3]\n",
      "Iteration -  53\n",
      "[[  0.          -7.68285012 -10.63948488 -11.52518654]\n",
      " [ -7.68285012  -9.75378323 -10.70170593 -10.63948488]\n",
      " [-10.63948488 -10.70170593  -9.75378323  -7.68285012]\n",
      " [-11.52518654 -10.63948488  -7.68285012   0.        ]]\n",
      "Optimal Policy for State: (0, 0) --- [0, 1]\n",
      "Optimal Policy for State: (0, 1) --- [0]\n",
      "Optimal Policy for State: (0, 2) --- [0]\n",
      "Optimal Policy for State: (0, 3) --- [0, 3]\n",
      "Optimal Policy for State: (1, 0) --- [1]\n",
      "Optimal Policy for State: (1, 1) --- [0, 1]\n",
      "Optimal Policy for State: (1, 2) --- [0, 3]\n",
      "Optimal Policy for State: (1, 3) --- [3]\n",
      "Optimal Policy for State: (2, 0) --- [1]\n",
      "Optimal Policy for State: (2, 1) --- [1, 2]\n",
      "Optimal Policy for State: (2, 2) --- [2, 3]\n",
      "Optimal Policy for State: (2, 3) --- [3]\n",
      "Optimal Policy for State: (3, 0) --- [1, 2]\n",
      "Optimal Policy for State: (3, 1) --- [2]\n",
      "Optimal Policy for State: (3, 2) --- [2]\n",
      "Optimal Policy for State: (3, 3) --- [2, 3]\n",
      "Iteration -  57\n",
      "[[  0.          -8.01902956 -11.13730687 -12.08233571]\n",
      " [ -8.01902956 -10.19227803 -11.19663405 -11.13730687]\n",
      " [-11.13730687 -11.19663405 -10.19227803  -8.01902956]\n",
      " [-12.08233571 -11.13730687  -8.01902956   0.        ]]\n",
      "Optimal Policy for State: (0, 0) --- [0, 1]\n",
      "Optimal Policy for State: (0, 1) --- [0]\n",
      "Optimal Policy for State: (0, 2) --- [0]\n",
      "Optimal Policy for State: (0, 3) --- [0, 3]\n",
      "Optimal Policy for State: (1, 0) --- [1]\n",
      "Optimal Policy for State: (1, 1) --- [0, 1]\n",
      "Optimal Policy for State: (1, 2) --- [0, 3]\n",
      "Optimal Policy for State: (1, 3) --- [3]\n",
      "Optimal Policy for State: (2, 0) --- [1]\n",
      "Optimal Policy for State: (2, 1) --- [1, 2]\n",
      "Optimal Policy for State: (2, 2) --- [2, 3]\n",
      "Optimal Policy for State: (2, 3) --- [3]\n",
      "Optimal Policy for State: (3, 0) --- [1, 2]\n",
      "Optimal Policy for State: (3, 1) --- [2]\n",
      "Optimal Policy for State: (3, 2) --- [2]\n",
      "Optimal Policy for State: (3, 3) --- [2, 3]\n",
      "Iteration -  61\n",
      "[[  0.          -8.33715361 -11.60882655 -12.60982129]\n",
      " [ -8.33715361 -10.60783181 -11.66479245 -11.60882655]\n",
      " [-11.60882655 -11.66479245 -10.60783181  -8.33715361]\n",
      " [-12.60982129 -11.60882655  -8.33715361   0.        ]]\n",
      "Optimal Policy for State: (0, 0) --- [0, 1]\n",
      "Optimal Policy for State: (0, 1) --- [0]\n",
      "Optimal Policy for State: (0, 2) --- [0]\n",
      "Optimal Policy for State: (0, 3) --- [0, 3]\n",
      "Optimal Policy for State: (1, 0) --- [1]\n",
      "Optimal Policy for State: (1, 1) --- [0, 1]\n",
      "Optimal Policy for State: (1, 2) --- [0, 3]\n",
      "Optimal Policy for State: (1, 3) --- [3]\n",
      "Optimal Policy for State: (2, 0) --- [1]\n",
      "Optimal Policy for State: (2, 1) --- [1, 2]\n",
      "Optimal Policy for State: (2, 2) --- [2, 3]\n",
      "Optimal Policy for State: (2, 3) --- [3]\n",
      "Optimal Policy for State: (3, 0) --- [1, 2]\n",
      "Optimal Policy for State: (3, 1) --- [2]\n",
      "Optimal Policy for State: (3, 2) --- [2]\n",
      "Optimal Policy for State: (3, 3) --- [2, 3]\n",
      "Iteration -  65\n",
      "[[  0.          -8.63845299 -12.05514847 -13.10932392]\n",
      " [ -8.63845299 -11.00097303 -12.10832918 -12.05514847]\n",
      " [-12.05514847 -12.10832918 -11.00097303  -8.63845299]\n",
      " [-13.10932392 -12.05514847  -8.63845299   0.        ]]\n",
      "Optimal Policy for State: (0, 0) --- [0, 1]\n",
      "Optimal Policy for State: (0, 1) --- [0]\n",
      "Optimal Policy for State: (0, 2) --- [0]\n",
      "Optimal Policy for State: (0, 3) --- [0, 3]\n",
      "Optimal Policy for State: (1, 0) --- [1]\n",
      "Optimal Policy for State: (1, 1) --- [0, 1]\n",
      "Optimal Policy for State: (1, 2) --- [0, 3]\n",
      "Optimal Policy for State: (1, 3) --- [3]\n",
      "Optimal Policy for State: (2, 0) --- [1]\n",
      "Optimal Policy for State: (2, 1) --- [1, 2]\n",
      "Optimal Policy for State: (2, 2) --- [2, 3]\n",
      "Optimal Policy for State: (2, 3) --- [3]\n",
      "Optimal Policy for State: (3, 0) --- [1, 2]\n",
      "Optimal Policy for State: (3, 1) --- [2]\n",
      "Optimal Policy for State: (3, 2) --- [2]\n",
      "Optimal Policy for State: (3, 3) --- [2, 3]\n",
      "Iteration -  69\n",
      "[[  0.          -8.92364362 -12.47781364 -13.5822362 ]\n",
      " [ -8.92364362 -11.37339108 -12.52806075 -12.47781364]\n",
      " [-12.47781364 -12.52806075 -11.37339108  -8.92364362]\n",
      " [-13.5822362  -12.47781364  -8.92364362   0.        ]]\n",
      "Optimal Policy for State: (0, 0) --- [0, 1]\n",
      "Optimal Policy for State: (0, 1) --- [0]\n",
      "Optimal Policy for State: (0, 2) --- [0]\n",
      "Optimal Policy for State: (0, 3) --- [0, 3]\n",
      "Optimal Policy for State: (1, 0) --- [1]\n",
      "Optimal Policy for State: (1, 1) --- [0, 1]\n",
      "Optimal Policy for State: (1, 2) --- [0, 3]\n",
      "Optimal Policy for State: (1, 3) --- [3]\n",
      "Optimal Policy for State: (2, 0) --- [1]\n",
      "Optimal Policy for State: (2, 1) --- [1, 2]\n",
      "Optimal Policy for State: (2, 2) --- [2, 3]\n",
      "Optimal Policy for State: (2, 3) --- [3]\n",
      "Optimal Policy for State: (3, 0) --- [1, 2]\n",
      "Optimal Policy for State: (3, 1) --- [2]\n",
      "Optimal Policy for State: (3, 2) --- [2]\n",
      "Optimal Policy for State: (3, 3) --- [2, 3]\n",
      "Iteration -  73\n",
      "[[  0.          -9.19371209 -12.87793855 -14.03002492]\n",
      " [ -9.19371209 -11.72585219 -12.92560236 -12.87793855]\n",
      " [-12.87793855 -12.92560236 -11.72585219  -9.19371209]\n",
      " [-14.03002492 -12.87793855  -9.19371209   0.        ]]\n",
      "Optimal Policy for State: (0, 0) --- [0, 1]\n",
      "Optimal Policy for State: (0, 1) --- [0]\n",
      "Optimal Policy for State: (0, 2) --- [0]\n",
      "Optimal Policy for State: (0, 3) --- [0, 3]\n",
      "Optimal Policy for State: (1, 0) --- [1]\n",
      "Optimal Policy for State: (1, 1) --- [0, 1]\n",
      "Optimal Policy for State: (1, 2) --- [0, 3]\n",
      "Optimal Policy for State: (1, 3) --- [3]\n",
      "Optimal Policy for State: (2, 0) --- [1]\n",
      "Optimal Policy for State: (2, 1) --- [1, 2]\n",
      "Optimal Policy for State: (2, 2) --- [2, 3]\n",
      "Optimal Policy for State: (2, 3) --- [3]\n",
      "Optimal Policy for State: (3, 0) --- [1, 2]\n",
      "Optimal Policy for State: (3, 1) --- [2]\n",
      "Optimal Policy for State: (3, 2) --- [2]\n",
      "Optimal Policy for State: (3, 3) --- [2, 3]\n",
      "Iteration -  77\n",
      "[[  0.          -9.44937571 -13.25681948 -14.45398174]\n",
      " [ -9.44937571 -12.05965722 -13.30189537 -13.25681948]\n",
      " [-13.25681948 -13.30189537 -12.05965722  -9.44937571]\n",
      " [-14.45398174 -13.25681948  -9.44937571   0.        ]]\n",
      "Optimal Policy for State: (0, 0) --- [0, 1]\n",
      "Optimal Policy for State: (0, 1) --- [0]\n",
      "Optimal Policy for State: (0, 2) --- [0]\n",
      "Optimal Policy for State: (0, 3) --- [0, 3]\n",
      "Optimal Policy for State: (1, 0) --- [1]\n",
      "Optimal Policy for State: (1, 1) --- [0, 1]\n",
      "Optimal Policy for State: (1, 2) --- [0, 3]\n",
      "Optimal Policy for State: (1, 3) --- [3]\n",
      "Optimal Policy for State: (2, 0) --- [1]\n",
      "Optimal Policy for State: (2, 1) --- [1, 2]\n",
      "Optimal Policy for State: (2, 2) --- [2, 3]\n"
     ]
    },
    {
     "name": "stdout",
     "output_type": "stream",
     "text": [
      "Optimal Policy for State: (2, 3) --- [3]\n",
      "Optimal Policy for State: (3, 0) --- [1, 2]\n",
      "Optimal Policy for State: (3, 1) --- [2]\n",
      "Optimal Policy for State: (3, 2) --- [2]\n",
      "Optimal Policy for State: (3, 3) --- [2, 3]\n",
      "Iteration -  81\n",
      "[[  0.          -9.6914631  -13.61551807 -14.85540061]\n",
      " [ -9.6914631  -12.37563554 -13.65823835 -13.61551807]\n",
      " [-13.61551807 -13.65823835 -12.37563554  -9.6914631 ]\n",
      " [-14.85540061 -13.61551807  -9.6914631    0.        ]]\n",
      "Optimal Policy for State: (0, 0) --- [0, 1]\n",
      "Optimal Policy for State: (0, 1) --- [0]\n",
      "Optimal Policy for State: (0, 2) --- [0]\n",
      "Optimal Policy for State: (0, 3) --- [0, 3]\n",
      "Optimal Policy for State: (1, 0) --- [1]\n",
      "Optimal Policy for State: (1, 1) --- [0, 1]\n",
      "Optimal Policy for State: (1, 2) --- [0, 3]\n",
      "Optimal Policy for State: (1, 3) --- [3]\n",
      "Optimal Policy for State: (2, 0) --- [1]\n",
      "Optimal Policy for State: (2, 1) --- [1, 2]\n",
      "Optimal Policy for State: (2, 2) --- [2, 3]\n",
      "Optimal Policy for State: (2, 3) --- [3]\n",
      "Optimal Policy for State: (3, 0) --- [1, 2]\n",
      "Optimal Policy for State: (3, 1) --- [2]\n",
      "Optimal Policy for State: (3, 2) --- [2]\n",
      "Optimal Policy for State: (3, 3) --- [2, 3]\n",
      "Iteration -  85\n",
      "[[  0.          -9.92065418 -13.95515503 -15.23545934]\n",
      " [ -9.92065418 -12.67485073 -13.99557681 -13.95515503]\n",
      " [-13.95515503 -13.99557681 -12.67485073  -9.92065418]\n",
      " [-15.23545934 -13.95515503  -9.92065418   0.        ]]\n",
      "Optimal Policy for State: (0, 0) --- [0, 1]\n",
      "Optimal Policy for State: (0, 1) --- [0]\n",
      "Optimal Policy for State: (0, 2) --- [0]\n",
      "Optimal Policy for State: (0, 3) --- [0, 3]\n",
      "Optimal Policy for State: (1, 0) --- [1]\n",
      "Optimal Policy for State: (1, 1) --- [0, 1]\n",
      "Optimal Policy for State: (1, 2) --- [0, 3]\n",
      "Optimal Policy for State: (1, 3) --- [3]\n",
      "Optimal Policy for State: (2, 0) --- [1]\n",
      "Optimal Policy for State: (2, 1) --- [1, 2]\n",
      "Optimal Policy for State: (2, 2) --- [2, 3]\n",
      "Optimal Policy for State: (2, 3) --- [3]\n",
      "Optimal Policy for State: (3, 0) --- [1, 2]\n",
      "Optimal Policy for State: (3, 1) --- [2]\n",
      "Optimal Policy for State: (3, 2) --- [2]\n",
      "Optimal Policy for State: (3, 3) --- [2, 3]\n",
      "Iteration -  89\n",
      "[[  0.         -10.13766499 -14.27671134 -15.59530719]\n",
      " [-10.13766499 -12.95811549 -14.31500288 -14.27671134]\n",
      " [-14.27671134 -14.31500288 -12.95811549 -10.13766499]\n",
      " [-15.59530719 -14.27671134 -10.13766499   0.        ]]\n",
      "Optimal Policy for State: (0, 0) --- [0, 1]\n",
      "Optimal Policy for State: (0, 1) --- [0]\n",
      "Optimal Policy for State: (0, 2) --- [0]\n",
      "Optimal Policy for State: (0, 3) --- [0, 3]\n",
      "Optimal Policy for State: (1, 0) --- [1]\n",
      "Optimal Policy for State: (1, 1) --- [0, 1]\n",
      "Optimal Policy for State: (1, 2) --- [0, 3]\n",
      "Optimal Policy for State: (1, 3) --- [3]\n",
      "Optimal Policy for State: (2, 0) --- [1]\n",
      "Optimal Policy for State: (2, 1) --- [1, 2]\n",
      "Optimal Policy for State: (2, 2) --- [2, 3]\n",
      "Optimal Policy for State: (2, 3) --- [3]\n",
      "Optimal Policy for State: (3, 0) --- [1, 2]\n",
      "Optimal Policy for State: (3, 1) --- [2]\n",
      "Optimal Policy for State: (3, 2) --- [2]\n",
      "Optimal Policy for State: (3, 3) --- [2, 3]\n",
      "Iteration -  93\n",
      "[[  0.         -10.34312295 -14.5811716  -15.93600926]\n",
      " [-10.34312295 -13.22633393 -14.61741342 -14.5811716 ]\n",
      " [-14.5811716  -14.61741342 -13.22633393 -10.34312295]\n",
      " [-15.93600926 -14.5811716  -10.34312295   0.        ]]\n",
      "Optimal Policy for State: (0, 0) --- [0, 1]\n",
      "Optimal Policy for State: (0, 1) --- [0]\n",
      "Optimal Policy for State: (0, 2) --- [0]\n",
      "Optimal Policy for State: (0, 3) --- [0, 3]\n",
      "Optimal Policy for State: (1, 0) --- [1]\n",
      "Optimal Policy for State: (1, 1) --- [0, 1]\n",
      "Optimal Policy for State: (1, 2) --- [0, 3]\n",
      "Optimal Policy for State: (1, 3) --- [3]\n",
      "Optimal Policy for State: (2, 0) --- [1]\n",
      "Optimal Policy for State: (2, 1) --- [1, 2]\n",
      "Optimal Policy for State: (2, 2) --- [2, 3]\n",
      "Optimal Policy for State: (2, 3) --- [3]\n",
      "Optimal Policy for State: (3, 0) --- [1, 2]\n",
      "Optimal Policy for State: (3, 1) --- [2]\n",
      "Optimal Policy for State: (3, 2) --- [2]\n",
      "Optimal Policy for State: (3, 3) --- [2, 3]\n",
      "Iteration -  97\n",
      "[[  0.         -10.53765712 -14.86942931 -16.25859043]\n",
      " [-10.53765712 -13.48026819 -14.90375277 -14.86942931]\n",
      " [-14.86942931 -14.90375277 -13.48026819 -10.53765712]\n",
      " [-16.25859043 -14.86942931 -10.53765712   0.        ]]\n",
      "Optimal Policy for State: (0, 0) --- [0, 1]\n",
      "Optimal Policy for State: (0, 1) --- [0]\n",
      "Optimal Policy for State: (0, 2) --- [0]\n",
      "Optimal Policy for State: (0, 3) --- [0, 3]\n",
      "Optimal Policy for State: (1, 0) --- [1]\n",
      "Optimal Policy for State: (1, 1) --- [0, 1]\n",
      "Optimal Policy for State: (1, 2) --- [0, 3]\n",
      "Optimal Policy for State: (1, 3) --- [3]\n",
      "Optimal Policy for State: (2, 0) --- [1]\n",
      "Optimal Policy for State: (2, 1) --- [1, 2]\n",
      "Optimal Policy for State: (2, 2) --- [2, 3]\n",
      "Optimal Policy for State: (2, 3) --- [3]\n",
      "Optimal Policy for State: (3, 0) --- [1, 2]\n",
      "Optimal Policy for State: (3, 1) --- [2]\n",
      "Optimal Policy for State: (3, 2) --- [2]\n",
      "Optimal Policy for State: (3, 3) --- [2, 3]\n",
      "Iteration -  101\n",
      "[[  0.         -10.72183865 -15.14235741 -16.56400987]\n",
      " [-10.72183865 -13.72070494 -15.17484875 -15.14235741]\n",
      " [-15.14235741 -15.17484875 -13.72070494 -10.72183865]\n",
      " [-16.56400987 -15.14235741 -10.72183865   0.        ]]\n",
      "Optimal Policy for State: (0, 0) --- [0, 1]\n",
      "Optimal Policy for State: (0, 1) --- [0]\n",
      "Optimal Policy for State: (0, 2) --- [0]\n",
      "Optimal Policy for State: (0, 3) --- [0, 3]\n",
      "Optimal Policy for State: (1, 0) --- [1]\n",
      "Optimal Policy for State: (1, 1) --- [0, 1]\n",
      "Optimal Policy for State: (1, 2) --- [0, 3]\n",
      "Optimal Policy for State: (1, 3) --- [3]\n",
      "Optimal Policy for State: (2, 0) --- [1]\n",
      "Optimal Policy for State: (2, 1) --- [1, 2]\n",
      "Optimal Policy for State: (2, 2) --- [2, 3]\n",
      "Optimal Policy for State: (2, 3) --- [3]\n",
      "Optimal Policy for State: (3, 0) --- [1, 2]\n",
      "Optimal Policy for State: (3, 1) --- [2]\n",
      "Optimal Policy for State: (3, 2) --- [2]\n",
      "Optimal Policy for State: (3, 3) --- [2, 3]\n",
      "Iteration -  105\n",
      "[[  0.         -10.89622525 -15.40076367 -16.85318364]\n",
      " [-10.89622525 -13.9483437  -15.43153118 -15.40076367]\n",
      " [-15.40076367 -15.43153118 -13.9483437  -10.89622525]\n",
      " [-16.85318364 -15.40076367 -10.89622525   0.        ]]\n",
      "Optimal Policy for State: (0, 0) --- [0, 1]\n",
      "Optimal Policy for State: (0, 1) --- [0]\n",
      "Optimal Policy for State: (0, 2) --- [0]\n",
      "Optimal Policy for State: (0, 3) --- [0, 3]\n",
      "Optimal Policy for State: (1, 0) --- [1]\n",
      "Optimal Policy for State: (1, 1) --- [0, 1]\n",
      "Optimal Policy for State: (1, 2) --- [0, 3]\n",
      "Optimal Policy for State: (1, 3) --- [3]\n",
      "Optimal Policy for State: (2, 0) --- [1]\n",
      "Optimal Policy for State: (2, 1) --- [1, 2]\n",
      "Optimal Policy for State: (2, 2) --- [2, 3]\n",
      "Optimal Policy for State: (2, 3) --- [3]\n",
      "Optimal Policy for State: (3, 0) --- [1, 2]\n",
      "Optimal Policy for State: (3, 1) --- [2]\n",
      "Optimal Policy for State: (3, 2) --- [2]\n",
      "Optimal Policy for State: (3, 3) --- [2, 3]\n",
      "Iteration -  109\n",
      "[[  0.         -11.06133316 -15.64542593 -17.12697365]\n",
      " [-11.06133316 -14.16387821 -15.67455368 -15.64542593]\n",
      " [-15.64542593 -15.67455368 -14.16387821 -11.06133316]\n",
      " [-17.12697365 -15.64542593 -11.06133316   0.        ]]\n",
      "Optimal Policy for State: (0, 0) --- [0, 1]\n",
      "Optimal Policy for State: (0, 1) --- [0]\n",
      "Optimal Policy for State: (0, 2) --- [0]\n",
      "Optimal Policy for State: (0, 3) --- [0, 3]\n",
      "Optimal Policy for State: (1, 0) --- [1]\n",
      "Optimal Policy for State: (1, 1) --- [0, 1]\n",
      "Optimal Policy for State: (1, 2) --- [0, 3]\n",
      "Optimal Policy for State: (1, 3) --- [3]\n",
      "Optimal Policy for State: (2, 0) --- [1]\n",
      "Optimal Policy for State: (2, 1) --- [1, 2]\n",
      "Optimal Policy for State: (2, 2) --- [2, 3]\n",
      "Optimal Policy for State: (2, 3) --- [3]\n",
      "Optimal Policy for State: (3, 0) --- [1, 2]\n",
      "Optimal Policy for State: (3, 1) --- [2]\n",
      "Optimal Policy for State: (3, 2) --- [2]\n",
      "Optimal Policy for State: (3, 3) --- [2, 3]\n",
      "Iteration -  113\n",
      "[[  0.         -11.21765933 -15.87707161 -17.38619979]\n",
      " [-11.21765933 -14.36794342 -15.90465207 -15.87707161]\n",
      " [-15.87707161 -15.90465207 -14.36794342 -11.21765933]\n",
      " [-17.38619979 -15.87707161 -11.21765933   0.        ]]\n",
      "Optimal Policy for State: (0, 0) --- [0, 1]\n",
      "Optimal Policy for State: (0, 1) --- [0]\n",
      "Optimal Policy for State: (0, 2) --- [0]\n",
      "Optimal Policy for State: (0, 3) --- [0, 3]\n",
      "Optimal Policy for State: (1, 0) --- [1]\n",
      "Optimal Policy for State: (1, 1) --- [0, 1]\n",
      "Optimal Policy for State: (1, 2) --- [0, 3]\n",
      "Optimal Policy for State: (1, 3) --- [3]\n",
      "Optimal Policy for State: (2, 0) --- [1]\n",
      "Optimal Policy for State: (2, 1) --- [1, 2]\n",
      "Optimal Policy for State: (2, 2) --- [2, 3]\n",
      "Optimal Policy for State: (2, 3) --- [3]\n",
      "Optimal Policy for State: (3, 0) --- [1, 2]\n",
      "Optimal Policy for State: (3, 1) --- [2]\n",
      "Optimal Policy for State: (3, 2) --- [2]\n",
      "Optimal Policy for State: (3, 3) --- [2, 3]\n",
      "Iteration -  117\n",
      "[[  0.         -11.36566859 -16.0963957  -17.6316357 ]\n",
      " [-11.36566859 -14.5611557  -16.12250751 -16.0963957 ]\n",
      " [-16.0963957  -16.12250751 -14.5611557  -11.36566859]\n",
      " [-17.6316357  -16.0963957  -11.36566859   0.        ]]\n",
      "Optimal Policy for State: (0, 0) --- [0, 1]\n",
      "Optimal Policy for State: (0, 1) --- [0]\n"
     ]
    },
    {
     "name": "stdout",
     "output_type": "stream",
     "text": [
      "Optimal Policy for State: (0, 2) --- [0]\n",
      "Optimal Policy for State: (0, 3) --- [0, 3]\n",
      "Optimal Policy for State: (1, 0) --- [1]\n",
      "Optimal Policy for State: (1, 1) --- [0, 1]\n",
      "Optimal Policy for State: (1, 2) --- [0, 3]\n",
      "Optimal Policy for State: (1, 3) --- [3]\n",
      "Optimal Policy for State: (2, 0) --- [1]\n",
      "Optimal Policy for State: (2, 1) --- [1, 2]\n",
      "Optimal Policy for State: (2, 2) --- [2, 3]\n",
      "Optimal Policy for State: (2, 3) --- [3]\n",
      "Optimal Policy for State: (3, 0) --- [1, 2]\n",
      "Optimal Policy for State: (3, 1) --- [2]\n",
      "Optimal Policy for State: (3, 2) --- [2]\n",
      "Optimal Policy for State: (3, 3) --- [2, 3]\n",
      "Iteration -  121\n",
      "[[  0.         -11.505805   -16.30405188 -17.8640157 ]\n",
      " [-11.505805   -14.74408805 -16.3287757  -16.30405188]\n",
      " [-16.30405188 -16.3287757  -14.74408805 -11.505805  ]\n",
      " [-17.8640157  -16.30405188 -11.505805     0.        ]]\n",
      "Optimal Policy for State: (0, 0) --- [0, 1]\n",
      "Optimal Policy for State: (0, 1) --- [0]\n",
      "Optimal Policy for State: (0, 2) --- [0]\n",
      "Optimal Policy for State: (0, 3) --- [0, 3]\n",
      "Optimal Policy for State: (1, 0) --- [1]\n",
      "Optimal Policy for State: (1, 1) --- [0, 1]\n",
      "Optimal Policy for State: (1, 2) --- [0]\n",
      "Optimal Policy for State: (1, 3) --- [3]\n",
      "Optimal Policy for State: (2, 0) --- [1]\n",
      "Optimal Policy for State: (2, 1) --- [1]\n",
      "Optimal Policy for State: (2, 2) --- [2, 3]\n",
      "Optimal Policy for State: (2, 3) --- [3]\n",
      "Optimal Policy for State: (3, 0) --- [1, 2]\n",
